8055
4967
2819
241
4497
4363
4693
1961
2389
5449
6979
8645
2949
9119
7779
1249
3311
6499
6077
6695
3235
4091
1395
8793
5325
493
9793
6645
4373
5303
8935
1159
3717
3193
3741
7667
7181
2559
8533
2591
3793
817
7985
691
2923
8631
2321
7557
7931
5801
1421
4857
5051
6905
2825
7999
8111
8967
1485
1781
5141
341
4647
203
6679
5345
9623
4627
9007
8565
9105
7991
5373
3955
9995
835
5775
3289
8865
9205
225
2989
3371
5379
7259
4137
1811
8839
7831
2349
31
333
5071
6247
6771
4509
3847
3867
1315
2503
137
6415
6663
511
2383
2913
1709
4201
1701
7915
4449
1033
9439
6855
5985
4531
3541
2033
2599
3999
957
5313
5395
7691
1589
1013
7313
9551
6889
2833
1875
5647
1555
1719
1883
2741
7541
3241
1939
201
743
2601
6757
5017
8337
4767
8855
597
9259
8679
723
9847
3511
4949
8467
757
7611
2369
4239
1313
131
4025
5815
6787
7991
4665
1165
3981
2721
8387
2831
353
9007
5057
1041
1243
2383
5013
8477
1063
3131
425
9815
2015
4985
769
7169
245
8781
6035
7129
4353
6321
8725
3505
9201
6463
6213
1689
2055
8567
2147
8421
3657
4389
4455
3527
5693
7577
8345
8379
6289
6447
8825
1383
1857
2323
3237
9115
5001
519
7247
5817
1643
9097
2893
495
9145
43
6461
8493
1519
6023
7339
9263
1287
8679
141
437
1325
6739
9541
405
1279
6261
81
271
985
2581
8999
7059
4609
3073
5553
7159
1113
1035
6431
2847
349
8813
191
2791
8745
1437
6645
8093
7467
4895
1185
2381
5901
4883
7981
1731
6297
7885
627
4313
8987
8081
8893
9247
5223
3597
569
5921
5889
7191
8379
8459
2007
1965
3551
7879
4257
8781
4669
4035
3001
2429
6297
7197
7127
3977
3071
257
2673
7947
1847
8591
5853
6621
3859
6441
8927
8681
3623
6045
1181
5975
4427
6309
1631
6021
9675
2963
6629
4899
9049
8355
665
439
8043
4913
5961
7841
9155
6105
7199
7049
7889
1861
9001
6039
9093
7977
5259
7307
7821
7849
8439
85
1437
1397
5737
5869
8873
8069
6867
3949
8917
5857
2047
6601
5153
8909
3879
4831
2679
6119
667
313
9515
9193
4459
2239
5889
3613
9625
439
9239
6675
3871
9551
1991
3285
2923
5897
1731
3189
1949
6553
3275
4755
3525
6103
7573
9807
7211
9263
7439
8469
4639
8155
8019
1539
3581
6229
3295
1411
2195
2727
1333
1663
9281
5963
6877
4147
9115
6025
5887
1555
4021
4381
3283
8805
3419
4981
7181
2113
3907
4845
1011
4677
1885
4583
4701
9693
1993
8241
4317
5971
9277
2575
8583
1303
3843
475
6965
7655
3911
1979
6709
4527
7489
927
5451
8741
1289
9579
8821
6315
9101
2773
6623
6213
9891
3373
8041
6131
7043
2037
8081
6261
8205
2863
8481
7123
9841
4263
9123
5755
1031
4439
8559
5971
9447
7259
3207
8109
9311
9909
2087
49
9069
2689
3681
383
4455
1917
7713
6923
8143
6807
945
6107
9213
8509
5669
8189
5421
1643
8463
4855
3017
169
3527
7581
6551
2833
8261
1159
1137
1183
4279
5327
9523
5511
7733
9395
8025
9275
2931
6603
2835
6669
9581
8899
7169
3671
8737
329
4841
4003
1169
4745
2569
525
4555
9283
8271
3287
993
6079
4533
5493
8219
1015
5083
2225
699
5603
7459
9003
8927
3463
3491
6541
6143
1053
7579
6293
7905
7167
6249
517
6183
6529
4143
1491
7485
3855
3679
9355
2065
2103
4727
3987
2515
2861
2363
6961
7177
6125
7907
7425
6941
9203
7749
8839
9453
6005
3539
7843
7197
689
3667
7227
4529
2323
1605
4787
8721
4671
5663
9067
7183
1151
3391
4081
9967
4923
5519
1249
7645
1541
2575
8535
8995
1563
6307
4507
5749
2459
2719
7329
7523
1613
6875
3025
3785
4413
6491
6527
4789
5259
4083
461
379
2519
2487
4043
1579
9843
7149
2137
9817
249
4833
8613
9303
2437
1565
1245
6881
7581
4039
6447
811
599
6475
6079
7985
5371
9435
8063
4311
1605
5255
3123
9419
2935
7251
4573
937
2855
7195
4459
321
383
9825
6793
3315
8287
9517
1397
8283
2297
7741
4171
7643
347
4731
377
7663
8827
7641
7679
1589
3087
8175
3989
1221
7917
4063
8121
4295
1425
4239
7733
3023
1023
7965
2215
5913
175
8827
4379
107
2225
9709
2347
5657
5291
9745
8399
1215
7965
2041
3947
4249
3459
1901
8091
1819
9365
1919
2915
5153
3745
6871
7573
9005
1947
7773
6421
7339
8959
1881
3379
4359
3241
8735
2463
7605
3245
7469
5109
9909
8947
1767
405
2331
7057
9385
4225
6541
8575
8815
4093
8149
6463
9075
743
6701
8237
4041
3875
8329
131
3791
1281
1471
8083
9479
2557
6533
2101
3963
5599
8915
2599
5141
3503
8869
2751
767
4331
2621
2543
3767
5325
6517
6399
4599
4273
8441
5949
8681
7195
7967
5399
6737
3559
9345
1501
1749
7827
3195
791
2251
1639
9349
1767
4595
6427
8951
461
4109
5593
1409
5805
207
6711
1543
4897
9987
5041
8747
3905
4309
1325
9145
3267
7315
2233
9381
5833
9141
7707
2709
1311
203
7189
6151
2783
7841
2263
5387
8453
3663
7343
235
5857
3857
1455
8349
3699
977
6003
8625
7943
1061
4889
8047
1781
8209
6811
2169
8895
3653
9433
6773
2061
4775
599
487
6863
5827
4033
4687
2291
2231
9591
385
7019
2103
4987
8001
275
4257
8579
7911
7131
4275
3689
7185
4685
1943
2387
3625
6707
5449
1195
213
4781
8807
9045
2477
6409
1753
3233
9859
4655
8493
4177
1419
1293
9079
5845
4043
2483
8865
8657
889
5229
2931
8709
3765
2193
4103
3213
6389
107
6001
6507
1057
5907
9189
5629
4619
7375
9627
517
4605
4487
9241
5351
9939
3747
7893
4217
7023
9519
3011
6389
8449
7329
2929
9791
3057
5277
4367
1667
8911
3403
3755
2255
5543
871
2657
6763
2263
1873
791
9061
2421
7029
9143
